0
833
1666
2500
3333
4166
5000
5833
6666
7500
8333
9166
10000
10833
11666
12500
13333
14166
15000
15833
16666
17500
18333
19166
20000
20833
21666
22500
23333
24166
25000
25833
26666
27500
28333
29166
30000
30833
31666
32500
33333
34166
35000
35833
36666
37500
38333
39166
40000
40833
41666
42500
43333
44166
45000
45833
46666
47500
48333
49166
50000
50833
51666
52500
53333
54166
55000
55833
56666
57500
58333
59166
60000
60833
61666
62500
63333
64166
65000
65833
66666
67500
68333
69166
70000
70833
71666
72500
73333
74166
75000
75833
76666
77500
78333
79166
80000
80833
81666
82500
83333
84166
85000
85833
86666
87500
88333
89166
90000
90833
91666
92500
93333
94166
95000
95833
96666
97500
98333
99166